2.3021379092824645e-05
8.275719301309437e-05
0.0015422870637848973
21.35869598388672
6.55423423867596e-11
233.63934326171875
5.367996713800949e-09
0.0002265397342853248
5.1704996621992905e-06
7.068054401315749e-05
2.269264962571904e-14
3.423493042872816e-14
2.9471738905665484e-14
5.843853097828658e-14
1.984338325708608e-14
2.034481998559705e-14
4.072468003015611e-14
3.20870886555847e-14
2.671156346242473e-14
2.65468985634126e-14
1.4772700139445254e-14
2.17661920930666e-14
1.9588499184796e-14
1.738346744111982e-14
3.633752708996109e-14
3.9586464260690096e-14
2.3106438772979923e-14
3.194066715219053e-14
2.5364974199802368e-14
5.5029379219650315e-14
1.9295844219321956e-14
2.930044851493993e-14
5.763291455402123e-14
2.3045260971331534e-14
2.018018219163923e-14
2.7523127752045705e-14
1.588371598690904e-14
3.287333513041224e-14
1.1638031948465587e-14
1.984981901341932e-14
3.761793258621679e-14
2.4430786644473283e-14
2.5483587611538176e-14
2.890247516687018e-14
1.855238646085791e-14
3.1444153379169004e-14
2.8470020801583604e-14
2.189543915642224e-14
1.8896300472167997e-14
2.5110810105517453e-14
3.246557008147223e-14
1.884540734456517e-14
2.6178230861251955e-14
2.972362956351997e-14
2.861351834724385e-14
1.7940752439975054e-14
1.6034697915691225e-14
3.300753903057521e-14
1.589420225479605e-14
3.728591261155205e-14
6.29739180723829e-14
1.7794415639875612e-14
2.0272307189048502e-14
3.076089255820043e-14
2.436284782583991e-14
2.319563811858938e-14
1.9533428490697315e-14
8.090449595259553e-15
2.0654722235943085e-14
2.133681076331266e-14
3.2965258533980066e-14
1.5039319006186595e-14
1.1272395777223165e-14
3.35819899991395e-14
2.0050579374445744e-14
1.3853706661124017e-14
1.430891063730795e-14
2.3430772770681278e-14
2.8615049782812485e-14
4.6369975052621207e-14
3.293308144637977e-14
2.6105037050213817e-14
2.8793421368977085e-14
3.646889512381665e-14
3.4700903581803486e-14
3.757232833233662e-14
2.7009940982490425e-14
1.5721558305420782e-14
1.3864015899125049e-14
3.441037805715884e-14
2.067987233821296e-14
9.647789125488259e-15
2.7312484210590716e-14
1.8702604365921673e-14
2.094360451667006e-14
1.557863674216467e-14
1.2304690923667979e-14
3.1791511426442626e-14
2.979628804973544e-14
4.1754733080389544e-14
2.2590990425455475e-14
3.157083562676036e-14
2.2836980651799385e-14
3.9124373906644985e-14
3.9812411993436075e-14
7.404560092242468e-14
3.266408072299075e-14
4.103750623823607e-14
4.354693621216703e-14
4.6845929641946976e-14
1.802107318623139e-14
1.8447095183316518e-14
2.547600666666025e-14
2.4337674006647513e-14
2.3150642034365336e-14
3.376232670174173e-14
3.1298152004116675e-14
1.5925093546382413e-14
3.145626595031474e-14
1.4442990870660623e-14
1.0307578663488418e-14
1.9243214674177257e-14
3.9262070970682433e-14
1.918428489797088e-14
2.8315677846066714e-14
4.2134745941845714e-14
6.744347376581861e-14
2.18212272117815e-14
2.9136164780754065e-14
3.142868316942035e-14
1.8074913988490662e-14
4.639669047177761e-14
3.3154428096156263e-14
2.1372653809508674e-14
2.7177995707357468e-14
3.3424662099516486e-14
1.336599440745741e-14
2.7031586062424562e-14
2.5030380939043868e-14
3.41021122744669e-14
3.1116842907691e-14
9.328267460773434e-14
4.918934115821609e-14
3.816254766624699e-14
1.7775350622298812e-14
1.8582064801263808e-14
3.302063754807155e-14
1.6379480982805193e-14
3.0628694432056555e-14
5.950843523462243e-14
3.049660472612993e-14
2.153288703214077e-14
3.582975455500466e-14
2.3094717531055818e-14
2.0963907896415744e-14
3.978296235192594e-14
3.6656631506246096e-14
2.25919391023564e-14
3.6181507009208635e-14
1.6672620451125067e-14
1.3264002323245573e-14
2.047195285471634e-14
1.6558907972022072e-14
2.1080669694128855e-14
2.631640734593755e-14
2.3097627936262584e-14
2.2062789149877166e-14
4.314809889049108e-14
1.7918797345982222e-14
1.429646941737868e-14
2.6084332176851133e-14
3.3104883445005465e-14
3.5228811783982045e-14
2.5904258054462552e-14
2.7687721500290266e-14
3.116471720986981e-14
1.1666390611539661e-14
2.4627755686027798e-14
3.810799535631203e-14
3.1839816021358644e-14
2.4708305131179893e-14
4.783954333478953e-14
2.3862117522806953e-14
1.6149179500710327e-14
1.6003774436852865e-14
1.6777315417471593e-14
2.3698467369265633e-14
3.5269421931605205e-14
1.8183906800011557e-14
3.088434930432864e-14
2.1160350083477067e-14
2.6927229909256938e-14
1.5149238471751786e-14
1.568112772878244e-14
1.8056650264081965e-14
2.3410760770269448e-14
1.1311466018948217e-14
2.104274464094849e-14
5.028500199241205e-14
1.6860981943869584e-14
3.5166510816645596e-14
3.145554766637547e-14
1.805485963643147e-14
2.738478186077066e-14
3.526417371546402e-14
5.788297900884143e-14
2.121684718105893e-14
1.5752595286674075e-14
1.7645635996756288e-14
5.146981812650421e-14
2.4042665983645996e-14
3.714649776469757e-14
2.070110237200294e-14
4.111632773617577e-14
3.174437234886203e-14
2.550303718207303e-14
2.2709278576539538e-14
2.4235857258255757e-14
3.715571009503191e-14
2.129672238798501e-14
1.7964996216991366e-14
2.81214853785133e-14
2.8529380870527185e-14
1.3462040320379523e-14
1.957124512366043e-14
3.064412059609195e-14
3.168182743603677e-14
1.9234114152191957e-14
2.9090624901377884e-14
2.3914696245974816e-14
5.0109029203554076e-14
6.00626251750884e-14
2.427471743580989e-14
2.5326590054764592e-14
2.414394910128098e-14
1.9524787060569426e-14
3.585792348269855e-14
4.241907118531646e-14
2.360715721755162e-14
1.793083199009681e-14
2.6880531288808913e-14
1.8597663760020443e-14
2.1938915663538908e-14
3.9815756079511835e-14
3.846142154761978e-14
2.3194309970928084e-14
4.174454157996818e-14
2.1505385566409317e-14
3.47928913598753e-14
2.0986310223804726e-14
2.5756848910651886e-14
5.2385955409727306e-14
2.618262526818231e-14
3.243350819035276e-14
3.881264884139646e-14
3.522867964684227e-14
3.850619570921164e-14
4.476298075695856e-14
3.716804289474393e-14
3.0619936111381946e-14
5.515673909359947e-14
2.900663311432815e-14
2.788349114319147e-14
2.912749793963776e-14
3.602766210906473e-14
4.148704695213466e-14
2.3121251685161506e-14
1.826106641930874e-14
6.529941653588348e-14
1.9550724903480247e-14
2.7494477709637775e-14
2.2718809391262043e-14
1.765432316666333e-14
2.36448298549137e-14
2.5509750765212967e-14
1.844406788756303e-14
1.8727446148198747e-14
2.4983445149370613e-14
3.768716567119357e-14
3.234825263014572e-14
1.6861302122323646e-14
2.1350976542322542e-14
3.4950124391808224e-14
3.521900314245284e-14
5.839640972388552e-14
2.1355213401124708e-14
1.9546921725547076e-14
1.966689038999849e-14
2.6307974285914686e-14
2.7299880360335572e-14
3.450041088318839e-14
1.628689689353851e-14
3.5728476519567356e-14
1.8112876311120706e-14
1.9410571443895762e-14
4.3490164675910256e-14
2.1287867505554413e-14
3.327238251625911e-14
2.3837733138321396e-14
2.8186247823594468e-14
1.9675294650901148e-14
1.7715172319528183e-14
2.6982854562903127e-14
4.029876475922234e-14
1.1762827006650458e-14
2.337274762566257e-14
1.3615635345803987e-14
2.170177184929612e-14
1.889363401245004e-14
2.1357818874470462e-14
2.5873246484197678e-14
6.168360229064432e-14
1.752896567860148e-14
3.5617166225902774e-14
1.9399541380856616e-14
3.2626099765635866e-14
1.2830387522821257e-14
1.741452983336153e-14
3.368951236146396e-14
2.1299565030555995e-14
2.919646675033499e-14
5.722412290114914e-14
3.6651596742407616e-14
1.2797880939404479e-14
2.4984971502741565e-14
3.3868490423218794e-14
3.281244362590002e-14
2.201948713154763e-14
3.2966637503618196e-14
2.7450464183632547e-14
2.624292384963145e-14
2.211081422392059e-14
3.145734676435544e-14
2.2633170972162844e-14
2.6590276814707388e-14
1.664777019851852e-14
3.219240534411451e-14
1.9606141187021413e-14
3.3743271848560297e-14
3.616715827108215e-14
2.0792354925476542e-14
2.5048241475769673e-14
3.697881912245911e-14
1.7403372715380297e-14
2.229001251424171e-14
2.4069276370716937e-14
1.572461609436037e-14
1.7018977305455034e-14
2.5566156383236525e-14
2.826128816645762e-14
3.5901582948931823e-14
2.7510429034100468e-14
1.941034952126358e-14
1.745290381400394e-14
1.9597991036002932e-14
3.8509726142535797e-14
2.6403185871383753e-14
3.1004638147234115e-14
1.5713643629561638e-14
2.2154295813234942e-14
2.818431320034294e-14
1.0858935278745818e-14
1.941916374611271e-14
1.5425006988389368e-14
2.620580855994866e-14
1.8070363727498012e-14
2.868236857332847e-14
2.8162710472056166e-14
2.5572593833635658e-14
1.4067524035032367e-14
2.198608354023971e-14
2.7576833029033417e-14
4.297397602158991e-14
1.679601451681518e-14
2.5862589115655324e-14
2.6254138565853097e-14
2.7221987210506067e-14
4.022044131665563e-14
7.121520983598834e-14
4.932030261625697e-14
5.4615925497436546e-14
4.28147643206922e-14
4.0350454097795585e-14
2.779661605598928e-14
1.4514961566122926e-14
3.0414815224743055e-14
3.009190593645898e-14
4.725280700035826e-14
3.946312948730629e-14
3.501831732032577e-14
2.203284822925762e-14
6.181599015216838e-14
3.2013488268731877e-14
1.7317481880462816e-14
2.670667100012139e-14
4.8586606065477086e-14
3.4604274063180715e-14
4.2958570186345246e-14
1.5591420163404632e-14
4.5513706058110046e-14
1.88083479590569e-14
2.6234614456418885e-14
1.3836541538447909e-14
1.8871304529894523e-14
2.7182454488791814e-14
5.0587260617442065e-14
3.1304836788136406e-14
1.9429611050484144e-14
3.882671297645267e-14
4.332242843543138e-14
2.0139577126213754e-14
2.1955910532592618e-14
2.705500482935025e-14
2.3927017187225577e-14
2.4487983391269577e-14
2.2180255679002392e-14
1.3403522202185512e-14
3.279680400956192e-14
2.8764327481304794e-14
3.217178178591476e-14
2.7409657524365624e-14
1.7241611445311354e-14
1.4532246120444597e-14
3.480935090410635e-14
1.9080064270074817e-14
3.221857527405288e-14
1.6989268471863037e-14
2.3255706307076865e-14
2.675520937613085e-14
2.2967940415774372e-14
5.809866747853026e-14
2.8237798248764365e-14
2.0965505400554266e-14
1.5870634410071645e-14
3.6853065222977946e-14
5.6187998318749793e-14
1.7931584155353973e-14
2.5146853051489018e-14
3.937035566265942e-14
2.586693100654295e-14
1.6156884112398552e-14
3.5873383528051833e-14
2.973962154556413e-14
4.302892813107598e-14
3.801507584199823e-14
1.1889322059960468e-14
3.886820742647276e-14
1.630542150409496e-14
1.5215029214830922e-14
1.3398819475262357e-14
4.0487524357452065e-14
1.990357680644976e-14
1.0727348710389863e-14
4.781947543020318e-14
2.8280376900956944e-14
1.8168096083018108e-14
2.1681168619887108e-14
3.257200485349242e-14
3.614025989280914e-14
2.1115437008481855e-14
5.979538289209788e-14
2.5208898214875396e-14
2.9872537955647274e-14
2.684036668051601e-14
2.658439332385576e-14
2.1437158756573878e-14
2.3510458242227174e-14
3.554333205795651e-14
3.146394684508044e-14
2.8378182101310503e-14
2.779788999354195e-14
2.2648719108942644e-14
2.4902094411050416e-14
1.2833618106482085e-14
4.766212381365764e-14
3.0023912907716985e-14
1.921548620361594e-14
1.4986230369184485e-14
2.4138514537891398e-14
1.773052055653243e-14
2.268953423853904e-14
3.438937841633051e-14
9.889549269293581e-15
2.6877248189105356e-14
3.0000785520125153e-14
2.987869419110792e-14
1.8899546302421875e-14
2.336383175685977e-14
1.9092663038132278e-14
4.109029671964075e-14
1.3171731636169373e-14
4.901476766778698e-14
1.83235181585098e-14
4.463646113969308e-14
3.242769415620281e-14
2.2801550957681632e-14
1.951361808412693e-14
1.4006479217556697e-14
2.3454648935398482e-14
1.74189818385323e-14
4.511612573332782e-14
1.9167971043406763e-14
3.5547668866646454e-14
1.795102017336167e-14
2.7010865942468827e-14
8.41276850157939e-15
4.3451519644724726e-14
4.7411513869619407e-14
5.60056761709192e-14
2.113155435140221e-14
2.672511937771259e-14
3.694244075144043e-14
2.95624934037661e-14
2.2697238850227265e-14
3.507380136650272e-14
1.635818996264301e-14
2.7349806176312635e-14
2.7253263055050485e-14
2.501510724093898e-14
3.230916036556404e-14
4.5088254961231367e-14
3.87577543301508e-14
1.8621802504951296e-14
2.3133162662465796e-14
2.711120885353236e-14
2.6437450048166083e-14
2.607716627811736e-14
3.9806794470929885e-14
2.5854796412540584e-14
2.3320734720503472e-14
3.4772989473746616e-14
1.429946791401196e-14
4.636644123116526e-14
2.1779563355171956e-14
1.3533457056294322e-14
3.435685912741952e-14
1.3835855441760633e-14
2.1992288903611296e-14
3.777726964799069e-14
2.2666262855346175e-14
2.950458345522822e-14
1.5335357021251973e-14
2.6979047996838167e-14
5.755645119580668e-14
2.2491846913045253e-14
1.463912981992683e-14
4.021492204997132e-14
3.56398633207574e-14
5.973473533307447e-14
2.012959230183152e-14
1.5862341957518025e-14
1.9187139399003128e-14
2.1228426121447895e-14
2.5897241233527497e-14
1.4876129638568582e-14
2.9331876825414854e-14
4.334672811662221e-14
3.315708439147885e-14
3.243734694366972e-14
1.9409532981502428e-14
1.6697633334057486e-14
2.864988994199895e-14
2.296505033935834e-14
4.247622896859718e-14
1.5662535355590208e-14
2.4763880656915142e-14
2.484895495207147e-14
3.407661997088633e-14
2.6457932998896587e-14
1.4755745927973012e-14
1.6968090954115785e-14
3.0715745702111774e-14
1.6064023890391063e-14
3.182123889475946e-14
2.1028302729197805e-14
1.7069106409339438e-14
1.4449440179521017e-14
4.3476889975560887e-14
9.721900273208274e-15
1.972760232352589e-14
1.1412540766478178e-14
1.7057454624117008e-14
1.0961107780975421e-14
4.4389564588095606e-14
1.616323347137117e-14
1.644402828151776e-14
1.4166774273593943e-14
2.363554129161411e-14
1.1802874724396641e-14
4.68230631405029e-14
3.430068051422583e-14
2.5419313057434625e-14
1.9253861878324244e-14
1.989644140090209e-14
2.405037059533422e-14
1.3983096873047742e-14
9.224615700204747e-15
2.3174321687438777e-14
3.021302487165277e-14
2.4818070436748683e-14
4.671530360895321e-14
2.693051470302639e-14
1.5949898059209808e-14
2.2060012575876066e-14
4.013369836659321e-14
1.3075960161922171e-14
1.800073761923371e-14
2.9466904041602557e-14
2.7871048229196303e-14
2.2099599507698943e-14
2.2884682159256958e-14
3.846934638787429e-14
7.061466347638504e-14
3.018030907109802e-14
4.514798094840816e-14
2.853340597109254e-14
1.651506554667219e-14
1.6943964067646193e-14
3.8554994971368856e-14
4.028555104524517e-14
5.106830079258315e-14
3.574865962063453e-14
2.3767000805027978e-14
2.893413725843855e-14
1.3522464262704856e-14
5.151794315043541e-14
1.2280588601153858e-14
1.790643066495231e-14
3.0680265186017186e-14
4.649697578460073e-14
2.242938670351472e-14
6.051199987052933e-14
1.637892024699411e-14
2.2764962522492035e-14
3.1284785824209e-14
1.8745027164051957e-14
2.829937246183207e-14
2.6194014473191092e-14
3.5163830804400484e-14
3.925428165569948e-14
1.3611013934043768e-14
1.772673262519231e-14
1.8559535418932738e-14
9.61380531661147e-15
3.6892164263823204e-14
1.7626260965120794e-14
1.181364136018919e-14
3.907455142868749e-14
4.359330618383152e-14
3.048253042667835e-14
2.1270008662894503e-14
3.426079542680552e-14
3.592116973880413e-14
2.0836261725330416e-14
1.3583056764586692e-14
2.0304272518411985e-14
2.4133083362633603e-14
5.291518498330358e-14
3.273743038809118e-14
1.4115310245784666e-14
1.3640380566325074e-14
1.544213738271464e-14
2.106033243306528e-14
2.8346369237877526e-14
2.7020554305319522e-14
1.649063881053927e-14
1.3147383674100548e-14
2.4032028943894376e-14
2.046211541406693e-14
3.028872928834657e-14
2.04099585133068e-14
1.7898439756127912e-14
3.0870569772342704e-14
4.179250058544172e-14
2.687120037386196e-14
1.999939825564085e-14
1.7120558578687453e-14
1.943850659049621e-14
1.856116341625736e-14
4.947085764043374e-14
3.8779936428973497e-14
2.5676601009229014e-14
6.700751607226219e-14
3.5964636081525433e-14
7.228096701901443e-14
1.6338853894523088e-14
3.900604679204535e-14
3.2433013523111565e-14
1.892992259797631e-14
3.803480154527389e-14
2.9163852593733913e-14
1.3501538313742938e-14
2.8187645427957438e-14
2.205774083351153e-14
2.181298727527061e-14
1.9034265198616777e-14
3.500095992117064e-14
3.049160045547755e-14
1.6981233517325382e-14
3.377057002638441e-14
5.461009452262765e-14
4.645318756935947e-14
2.1173673911737377e-14
2.0136886949573274e-14
2.816518042013036e-14
3.363455347571431e-14
2.806350936140553e-14
2.2867490778559485e-14
3.3976283836086377e-14
2.0389260416207693e-14
3.544895225884165e-14
3.07363760365751e-14
1.9709699435152724e-14
2.4634330355764386e-14
2.915573124183564e-14
5.256872479095405e-14
2.982756050614807e-14
9.579176068628872e-15
1.6623082576237846e-14
1.2140153926630884e-14
2.251021566953941e-14
1.8640137380127562e-14
1.8652515919618737e-14
3.175805701315787e-14
2.0775942815090542e-14
2.8834309343406944e-14
2.6077865927331793e-14
1.9265029160700844e-14
1.55081364958988e-14
2.5697766668515004e-14
1.0794670042004687e-14
3.142100905091823e-14
2.832928966552909e-14
2.3657460810223158e-14
3.085679362848856e-14
1.6455324312902343e-14
1.2044116484038244e-14
2.756357865747478e-14
2.349889116029947e-14
2.360157357636332e-14
2.003543950754652e-14
2.6587134322473074e-14
2.700015436381785e-14
4.0150849089709215e-14
2.919646675033499e-14
3.249381693619727e-14
2.967649726220295e-14
2.952687736239995e-14
1.651852991142646e-14
1.5989130931260732e-14
2.5598557087534897e-14
4.216191875879363e-14
3.915542613449133e-14
6.108695905886197e-14
1.4247143300728272e-14
2.9077868585192235e-14
3.074071623339683e-14
2.155770848562711e-14
1.616471408496297e-14
3.735524056421892e-14
1.991253841503171e-14
1.3191643686693427e-14
3.789865624559581e-14
1.998940665499504e-14
2.920236887591146e-14
6.241404962303854e-14
1.5337405146918434e-14
1.9121086075710343e-14
2.50702287570145e-14
3.418911949880886e-14
1.7082067707498323e-14
4.5655604405565875e-14
3.1203731547420344e-14
3.503729085834427e-14
2.4692379217705618e-14
5.5398604269490254e-14
2.869977340632865e-14
3.636179627796582e-14
1.2849440681936795e-14
3.9071871416442375e-14
2.5996718476918937e-14
2.5996718476918937e-14
3.013555862642868e-14
2.455214952515588e-14
Traceback (most recent call last):
  File "/Users/cliffanderson/anaconda3/lib/python3.6/site-packages/png.py", line 795, in write_passes
    extend(row)
TypeError: 'float' object