69.91857
70.033806
73.97799
73.315544
75.6659
50.917294
67.285515
64.90521
75.11481
72.17262
88.52746
71.01656
67.917206
30.2833
85.99407
48.183605
56.971546
36.135143
74.06674
73.16638
66.122894
74.4888
54.498417
74.09463
94.98324
60.66138
51.67867
82.583374
65.744095
95.99674
87.08584
87.01235
64.967224
58.812958
90.95901
57.916042
56.62478
72.776146
62.299698
51.630253
48.651768
82.33362
51.172943
74.836845
65.81592
61.576828
84.10459
68.85166
42.781612
54.573307
66.2239
60.57707
67.46145
63.021236
62.29811
68.9858
85.35307
58.189835
64.39627
74.20512
37.263657
61.33395
58.144314
77.62244
65.75421
92.745735
65.37346
76.55784
54.559006
72.758484
47.47211
99.11541
62.71832
63.569294
88.744
43.61403
54.198105
63.43474
63.364536
58.599915
65.28248
59.059753
62.328648
70.096664
85.228836
68.20781
74.77149
47.455925
76.508606
58.028595
51.423786
65.152855
71.162834
59.61689
87.48736
69.27478
39.375103
60.770767
84.14189
71.45691
89.54569
80.23961
69.59334
80.53791
81.83512
60.88765
72.53206
51.91333
77.3509
81.713806
74.28934
67.293526
75.793434
59.95679
52.61533
55.48173
64.94595
65.84658
84.50548
60.4089
58.098312
76.27841
61.600723
60.859665
80.3768
61.959007
64.627205
51.07928
82.196304
56.568424
63.048565
88.474365
65.05443
76.10177
103.230705
65.064186
67.551605
70.27835
60.739716
77.388824
71.10053
67.64815
59.95029
50.75819
53.80812
67.722404
66.394005
56.077698
95.52244
73.28507
50.98865
68.758575
70.22131
68.361755
86.06239
70.518814
52.00943
63.57289
59.716324
72.07248
64.48782
69.681404
73.75727
82.84193
72.59875
74.96126
73.162674
62.086544
58.128925
48.529137
74.29403
59.53245
56.07971
93.18202
72.75001
77.21317
74.23026
53.039703
75.82196
107.22506
72.89864
82.93942
66.99231
65.07741
73.56498
72.37227
92.11415
73.72238
81.1816
76.17073
80.40396
71.616165
77.66069
79.59587
48.682682
75.93434
44.177757
58.91958
53.85019
63.061977
59.08246
71.70352
56.03316
108.44836
90.05063
75.89233
86.8747
49.865093
62.31165
98.44513
106.120125
127.91574
98.33876
130.1658
102.26149
98.25432
88.79583
104.76124
74.57754
82.3849
66.41227
75.61053
73.222496
64.54553
74.95332
73.02328
89.208115
63.088146
100.012184
68.072464
66.28617
74.18336
88.50221
73.15048
93.73838
100.6504
89.30435
124.46634
98.446205
112.660645
114.22028
99.162186
69.64499
84.50421
96.67848
117.71048
121.14078
65.17869
55.528843
68.05904
56.58024
67.54684
72.384834
59.726093
80.13015
42.933052
76.21529
85.6189
50.428722
98.29278
116.4181
98.1032
123.506615
84.183266
108.50634
112.457016
91.47623
153.28354
111.367065
101.53281
94.67679
89.020966
130.26688
102.95569
89.85531
94.65311
80.11583
68.032135
55.829704
61.554226
54.80841
79.660614
67.20814
69.5912
85.43474
95.587555
94.5449
69.505356
110.13302
123.05641
140.52113
115.072174
101.73766
132.2088
95.21896
107.04379
89.6572
99.213104
102.86564
104.850075
87.813034
105.80325
123.98884
112.45724
87.19415
78.61164
62.668823
57.96789
74.24825
58.780495
68.35748
81.27009
74.54809
112.93769
112.22238
140.09637
122.69706
135.77501
127.06084
107.294685
104.83275
119.264145
126.750916
103.77678
103.27183
84.600845
82.33328
118.081474
120.85132
120.67023
143.38232
134.16853
89.015656
65.346924
74.26185
70.53359
84.96866
61.626446
55.200047
77.55411
45.208138
116.69597
104.55068
109.04635
141.59335
141.47781
81.253136
77.86926
134.99338
102.089554
104.95675
156.11414
145.36818
118.09323
81.49715
123.62156
110.90795
132.45068
124.163925
99.34649
94.846405
52.857666
72.95093
64.589035
77.026215
82.42524
70.53091
61.42959
72.82638
85.808395
133.36983
122.090935
114.91056
142.66287
128.37868
97.293
98.73362
108.407814
119.307785
124.81822
130.22078
121.51484
119.14219
91.55932
112.35545
159.34851
114.484474
69.079155
77.64526
68.47747
70.85703
55.79882
52.342773
53.206043
70.117805
64.915596
83.86379
125.18513
151.27094
163.91432
117.98013
123.64894
87.50361
103.10746
126.18291
103.24718
163.6214
147.42017
127.89471
140.08852
154.73796
121.00359
141.71455
132.0348
128.61339
114.50063
86.48092
79.75538
54.08558
87.169106
64.85386
46.77285
38.39641
62.886196
60.745144
109.06743
155.9071
139.27155
126.04045
133.64153
51.583324
94.218605
111.61543
112.77101
89.22303
151.33029
153.11626
117.445786
148.54503
163.97256
114.67647
101.892105
89.60611
96.97025
75.91707
67.921036
73.90101
63.44695
76.84838
67.11572
65.69461
71.48116
79.460724
105.3322
115.007385
140.88998
123.72985
117.9244
123.28938
129.19482
145.84991
147.29895
152.25822
128.81908
126.08848
119.2823
115.93415
111.14256
137.72198
115.726906
104.04775
105.11604
73.592575
52.314384
58.95352
68.062225
80.95583
86.491264
47.909622
40.43809
54.17614
89.06125
116.70594
155.12134
132.75574
116.90881
126.405205
115.29933
125.28579
141.87254
116.028885
120.48662
129.22511
103.78174
89.01427
152.95306
106.3344
134.5134
73.110306
68.511986
41.218147
48.07159
39.26893
68.38835
52.13378
68.08146
78.65014
68.362816
77.37813
72.06326
94.71143
104.69469
104.454926
117.888016
128.31786
135.35707
137.30746
147.14061
104.589745
128.16844
99.06453
81.40412
124.43837
104.54969
82.6656
90.97936
104.18041
71.53759
48.762783
50.72346
79.80038
65.189354
67.35743
67.784065
69.28001
52.128006
62.202553
79.075615
85.18961
101.23022
97.428986
122.20688
87.656624
113.56951
108.81651
120.10704
107.29406
111.69136
123.126396
121.52076
85.57196
84.53973
102.96824
82.77271
65.152626
82.883125
69.47
48.019512
64.15053
45.557674
67.35285
37.679398
72.66908
89.01692
56.46988
55.23541
70.629745
107.11002
108.59034
79.03269
98.7923
122.91033
111.40526
119.35646
69.43058
101.33584
114.52873
75.15131
78.733025
89.2007
72.44911
56.975525
67.904465
94.21625
52.110954
74.03823
81.43462
40.68718
74.53876
79.12791
75.43468
56.338646
80.63001
54.917336
67.35749
69.65705
92.673744
104.513
66.93746
83.7412
96.32909
86.63033
82.83151
82.78076
94.11994
86.90584
74.66692
107.62519
111.27165
58.238285
77.20447
78.973015
78.92816
50.851097
49.15793
41.44002
68.16775
54.809204
72.00747
74.76446
60.212757
46.98558
85.08421
78.01349
82.50099
55.44342
74.51721
72.85804
68.175835
75.836426
65.72242
64.35143
87.39543
60.924343
80.02159
80.276375
75.17505
62.01191
51.79887
51.829628
72.29973
59.227783
95.24978
76.86059
57.395847
65.7918
50.10794
61.720245
58.68052
71.53516
63.438053
77.123764
72.13114
74.98817
82.74222
44.428776
82.180664
64.74491
47.962635
59.069546
47.989635
62.30288
93.49799
53.22388
63.389557
61.988605
58.68427
57.464985
66.878815
55.51135
53.126442
47.10615
79.916664
60.176544
59.206474
68.115555
68.048706
77.17703
66.903885
61.152756
76.61134
87.51632
77.92607
59.513363
84.31717
84.78663
48.893555
73.72057
78.21351
64.466965
57.86338
81.263374
53.942207
57.38167
87.58548
68.71145
56.84001
71.18683
55.689835
55.05116
41.981308
61.319157
84.545845
82.304535
55.780567
47.92534
61.99581
51.373528
101.349365
54.151485
57.112923
68.69128
75.23562
37.17284
49.718704
56.467564
62.878452
50.93478
47.878716
74.17753
92.5742
90.37977
63.703827
55.30446
53.047356
56.075626
73.42035
57.62997
55.225655
54.66697
64.667
54.85872
72.57371
95.42272
71.89202
61.882706
56.85641
44.18585
51.250175
57.376797
73.8194
66.027275
77.99512
56.74274
75.52247
56.32477
76.51747
55.714844
74.86475
75.84856
62.670574
65.33725
47.053185
66.27164
61.423008
77.525696
73.405136
73.54861
75.25946
68.86378
59.762447
65.67838
62.941765
43.25363
93.51691
71.15704
62.605785
64.08845
61.565544
67.7576
70.55924
40.831074
54.805927
50.461967
76.40637
77.13201
62.076447
57.27243
82.899475
56.49999
37.146477
53.581142
64.770546
55.84521
