0.11255538
0.09801214
0.12850904
0.10845397
0.10513285
0.11230951
0.09401455
0.09762203
0.15502442
0.18017033
0.07089182
0.09248128
0.08904794
0.097300746
0.09423718
0.17808506
0.12070715
0.11612104
0.12467119
0.13753563
0.17004952
0.1788114
0.09198816
0.10585586
0.097377256
0.08003443
0.120004214
0.066462584
0.07852283
0.14914073
0.033705108
0.17606342
0.16173251
0.08030944
0.17379765
0.07533902
0.08300987
0.16180989
0.16047706
0.16584855
0.16109054
0.19054718
0.18773426
0.24032736
0.17017241
0.113108814
0.09541508
0.12239404
0.115354456
0.12987724
0.09375308
0.13689779
0.10722741
0.08800691
0.13220166
0.05571565
0.09301036
0.13568205
0.11589269
0.09817256
0.1272132
0.0940362
0.13999672
0.14105223
1.0058111
0.17873822
0.052311365
0.15330772
0.12851395
0.5755267
0.88486844
0.2356634
0.13840523
0.092121504
0.010001362
0.002009026
0.0042519113
0.037711933
0.25855654
0.10078536
0.11303949
0.1312953
0.14410801
0.1282066
0.12231106
0.12588575
0.05148456
0.1508522
0.09825355
0.10280348
0.3592847
0.08382055
0.2352132
0.5561006
0.92339814
0.8369991
3.4861047
28.282509
62.225903
25.880886
4.671586
0.44488585
0.037987266
0.012609325
0.004963385
0.008195724
0.054306876
0.5178574
0.15841667
0.22735111
0.11245489
0.09015331
0.057781577
0.08620463
0.1136894
0.09101905
0.11348682
0.38183454
0.50527126
0.17370857
0.60926825
3.1746857
8.943175
24.61334
139.79582
212.77588
228.82576
197.37688
23.78065
0.841974
0.050307743
0.0036708734
0.0012342645
0.001271956
0.006683609
0.028411627
0.1794167
0.10405804
0.11010023
0.14824341
0.15286359
0.08521878
0.12517007
0.16585496
0.3785867
0.112880416
0.05276189
0.111705765
0.34764746
0.82047564
3.9789293
51.035717
203.71587
244.80138
250.02939
233.09485
96.58781
7.2109804
0.30390707
0.0074021877
0.0008480174
0.00054001395
0.0006408524
0.002297265
0.043608803
0.32443365
0.07981126
0.07974995
0.09915237
0.13477889
0.16186705
0.33931774
0.082565755
0.039724335
0.0077707507
0.008142555
0.022270134
0.2680518
7.8534904
131.33757
243.64665
251.60074
251.9927
242.20473
192.57452
52.37918
2.420865
0.089179374
0.0026262393
0.00031072798
0.00020818369
0.00026819404
0.0050759376
0.035915975
0.29325846
0.07106085
0.12443411
0.059175648
0.08239528
0.18368971
0.010996441
0.0023481795
0.0003711266
0.0011802826
0.020249441
0.82544756
52.46867
217.6543
251.73647
253.25806
252.92856
247.58827
233.75772
183.94193
58.05711
2.8225808
0.08013957
0.005531876
0.0008594622
0.0025222343
0.013249407
0.06807591
0.45111218
0.07137019
0.15550818
0.08668456
0.15677387
0.010638564
0.0014676544
0.00023105666
0.00024034386
0.0020457823
0.11973975
9.367716
186.49677
251.01118
253.70189
253.2963
251.65007
249.84857
244.42365
232.37602
214.04797
81.954575
2.3729947
0.057596594
0.004097586
0.004336486
0.03993797
0.11727495
0.91020465
0.15888503
0.08076961
0.11006849
0.03609096
0.00065767096
0.00026431395
0.00026598058
0.00054680486
0.0135251
2.1639466
128.7862
246.65588
253.74957
253.0235
250.83635
242.51683
229.50047
227.29613
232.21971
238.28613
216.52267
45.127563
0.73627687
0.0562232
0.021458384
0.10371406
0.66714776
0.35340422
0.17082937
0.08262623
0.14026906
0.04900909
0.011490798
0.0014304345
0.00069049833
0.0043573505
0.2266821
40.80953
231.81866
252.57628
253.68982
244.8665
222.06642
149.99467
125.1392
141.19824
185.77788
232.15228
232.72499
172.9608
16.75499
0.54186046
0.077205345
0.07312228
1.6699647
0.2047117
0.08631792
0.12249436
0.07785128
0.30734104
0.07833597
0.0057055303
0.0017920748
0.028963177
5.3257537
195.58942
251.22263
253.82706
249.45866
159.39229
38.26919
15.968877
15.043377
23.662409
71.51526
192.04475
235.04552
239.47874
119.45707
5.864633
0.24384066
0.105475314
0.54456586
0.14724839
0.16600165
0.12525491
0.07859188
0.17558701
0.15203334
0.0067071375
0.008281929
0.52110213
41.411316
238.5047
254.1284
252.33951
204.2246
25.384075
2.2861307
0.9168847
0.88876754
2.3869503
14.859498
117.50434
246.11288
248.62941
205.14432
17.260807
0.4912832
0.06474923
0.6199417
0.15794976
0.100985885
0.17611517
0.12595472
0.13821119
0.059483208
0.011234617
0.020945696
2.2381153
163.4861
250.7164
252.42946
228.7241
41.337605
3.7498703
0.28113344
0.042485885
0.07095652
0.30086085
4.707035
115.88489
243.11272
250.22375
224.26
26.098684
0.54551375
0.10265134
0.39186674
0.19534639
0.15551351
0.11270258
0.07130422
0.09520741
0.13977997
0.020718737
0.07330236
10.925926
194.80466
250.01985
243.10397
77.33242
4.482582
0.5950875
0.05438911
0.018928263
0.036386333
0.16063666
3.1577742
92.155556
240.05664
251.38857
236.05757
35.821507
0.60218537
0.21082212
0.51239455
0.1533213
0.16160232
0.085826725
0.059272718
0.082922466
0.031235281
0.009116107
0.14476392
15.980485
224.29207
248.22096
221.60281
18.897839
1.3557758
0.4392741
0.16473143
0.09731652
0.17094816
0.71548724
6.70006
120.55456
242.95164
251.76425
219.04114
21.804844
0.6763098
0.18520992
0.2133825
0.13539125
0.13935867
0.13431597
0.15363947
0.22295557
0.15319167
0.017489843
0.3672342
25.53339
235.07558
246.76285
196.4448
14.20249
1.23451
0.7155298
0.6150476
2.0902724
2.629525
8.405872
41.637314
210.23222
251.92062
250.65967
183.24887
10.416511
0.4476853
0.13395344
0.2788229
0.18221636
0.17353788
0.08686528
0.09009415
0.21583487
0.1560861
0.022723459
0.39324996
51.458683
236.70628
246.35977
208.70486
35.15918
2.721679
2.1521335
3.9852004
13.365679
32.26168
78.26214
190.31213
249.45354
253.90314
247.06532
108.84449
2.0933175
0.15131804
0.052624878
0.11295996
0.27981418
0.12822126
0.12788694
0.13679011
0.16782673
0.00924399
0.008932251
0.2780709
32.24119
234.10661
251.32703
237.6289
74.32582
10.646664
8.1960535
18.9941
92.9762
158.4188
224.93552
251.39218
253.44995
252.75343
207.89821
21.00129
0.40680403
0.026088702
0.02627951
0.12535119
0.14539613
0.09490193
0.120664574
0.10904508
0.15880631
0.0067910077
0.0057693277
0.062310606
11.559794
201.40689
250.12111
249.06258
197.62257
67.88833
77.5168
154.82779
228.36534
245.76834
252.21062
253.9071
252.66214
228.07002
45.40743
1.284076
0.10153331
0.013852993
0.021659981
0.11850416
0.18954946
0.09405449
0.138057
0.07869033
0.21844077
0.0005212978
0.0013341084
0.03844055
1.3792723
108.41464
244.5111
250.5969
248.82758
240.31786
235.79857
248.11662
251.85643
253.82686
253.96632
252.0135
217.0254
54.091606
2.0561802
0.14041606
0.029962894
0.003481457
0.01785639
0.18168272
0.1628435
0.10445335
0.08450134
0.09265494
0.14859964
0.00060229574
0.00032204553
0.002572248
0.08724606
7.0910554
158.8192
246.07341
252.38606
253.6229
254.23573
254.31654
254.45937
253.73291
245.82707
190.91951
40.584763
2.0955083
0.3696089
0.049350366
0.007490897
0.0014575237
0.0043147923
0.13664
0.10225589
0.11731787
0.07249704
0.15876976
0.17637199
0.004860864
0.00026800612
0.00026181774
0.0044565303
0.21189062
21.342283
193.56119
247.17555
252.93456
254.2069
254.1941
252.01637
232.25491
134.72664
26.280157
1.644292
0.2327501
0.04167094
0.008394804
0.0023619086
0.0012047638
0.039401866
0.14023538
0.09183158
0.11888092
0.07442187
0.053912457
0.11393628
0.20444793
0.00031377337
8.331501e-05
0.0004484066
0.0050570844
0.26373926
5.4984283
71.65418
161.77975
192.92694
179.469
125.63473
23.176195
2.0548952
0.34700954
0.05281152
0.024979569
0.0053820144
0.0044235834
0.010384779
0.041062057
0.27892852
0.10752419
0.13252951
0.07942013
0.08922972
0.071709864
0.114470035
0.09512567
0.19951558
0.0031567689
0.00018235139
0.00045516444
0.004203037
0.019865088
0.12457694
0.43243414
0.7774481
0.60910565
0.18673256
0.038732324
0.00569713
0.0022760883
0.0018863975
0.0041233874
0.00686964
0.013636452
0.00994723
0.1956853
0.07622711
0.18844646
0.16134277
0.10007358
0.14647543
0.20314668
0.08832309
0.1827034
0.23898289
0.0067206863
0.0006605044
0.00019167225
0.00019646835
0.000923175
0.0036604311
0.0024526857
0.0011801486
0.00052163005
0.00037405486
9.672308e-05
3.8782055e-05
0.000119243465
0.0004042218
0.00078329537
0.006799321
0.03479302
0.19803725
0.11384096
0.15391994
0.16271499
0.07116492
0.064607956
0.112033
0.09571699
0.16734062
0.11589784
0.09796959
0.15676391
0.009563125
0.00095874595
0.0024542816
0.009606826
0.0022468418
0.003268309
7.384203e-05
0.00026448947
0.0030861848
0.0024276834
0.0012093787
0.0023378674
0.00087499217
0.007491412
0.03201377
0.07726846
0.14710125
0.11468847
0.075053684
0.10764455
0.09267689
0.06324264
0.153278
0.115177944
0.1145227
0.26636067
0.08389234
0.11093014
0.23283736
0.20411302
0.12000954
0.3026183
0.014469233
0.021192497
0.019028109
0.0021593976
0.0024587677
0.021684492
0.033381615
0.02841694
0.21584392
0.25085643
0.09616616
0.11558058
0.0960988
0.118715815
0.12839767
0.09550903
0.09156168
0.08509521
