0.0
0.0
0.0
0.0
0.0
0.0
0.0
0.0
0.0
0.0
0.0
0.0
0.0
0.0
0.0
0.0
0.0
0.0
0.0
0.0
0.0
0.0
0.0
0.0
0.0
0.0
0.0
0.0
0.0
0.0
0.0
0.0
0.0
0.0
112.25
239.75
34.5
0.0
0.0
0.0
0.0
0.0
0.0
0.0
0.0
0.0
0.0
80.25
237.5
252.0
96.25
15.5
0.0
0.0
0.0
0.0
0.0
0.0
0.0
0.0
45.5
253.0
252.0
247.75
244.25
194.25
0.0
0.0
0.0
0.0
0.0
0.0
0.0
8.0
191.5
252.0
214.75
58.5
55.25
245.75
115.25
1.25
0.0
0.0
0.0
0.0
0.0
18.5
251.0
168.0
5.0
0.0
0.0
147.75
252.0
17.5
0.0
0.0
0.0
0.0
0.0
44.25
252.0
0.0
0.0
0.0
0.0
148.5
253.0
49.75
0.0
0.0
0.0
0.0
0.0
108.5
251.0
0.0
0.0
0.0
119.75
246.0
191.25
7.5
0.0
0.0
0.0
0.0
0.0
108.75
252.0
36.5
120.25
172.5
244.5
252.0
45.0
0.0
0.0
0.0
0.0
0.0
0.0
36.0
245.75
252.0
251.0
252.0
230.25
110.75
0.0
0.0
0.0
0.0
0.0
0.0
0.0
0.0
51.0
187.5
231.5
161.75
34.25
0.0
0.0
0.0
0.0
0.0
0.0
0.0
0.0
0.0
0.0
0.0
0.0
0.0
0.0
0.0
0.0
0.0
0.0
0.0
0.0
0.0
0.0
0.0
0.0
0.0
0.0
0.0
0.0
0.0
0.0
0.0
0.0
0.0
